450
70285 60228
67914 60435
67605 60435
69667 64352
70904 67135
71007 67341
71579 69369
71316 70845
69357 73938
69151 73938
69048 74041
69151 74144
69151 74866
69254 74969
69254 75072
69667 75072
69873 74866
70491 74556
70698 74762
70079 75072
70182 75072
70594 75381
70491 75484
70388 75484
70491 75587
67708 77958
67605 78061
67295 78061
66677 77752
66883 78886
68532 79298
69357 80638
69460 80741
69460 81772
68532 84349
66677 84040
66470 84143
66264 84143
66264 102050
101883 102050
101883 8750
1283 8750
1283 102050
66058 102050
66058 84143
64615 84246
64512 84349
63790 84349
63790 84246
63171 82596
63171 81978
63274 81875
63171 81772
65027 77546
65631 75648
61819 74435
61819 73135
59119 73135
57249 73472
56470 72082
56057 71979
55232 70227
55645 69402
55336 68475
53274 70124
53170 70124
51315 69815
51107 69712
51005 69609
51005 69402
51727 68990
51212 67856
49665 69402
49459 69505
49356 69402
49356 69505
47809 69505
46675 68475
46263 70536
46263 70742
46160 70742
45952 70845
45850 70949
45438 70949
45129 70845
45025 70949
45025 70639
44922 70536
44922 70433
44201 70433
43995 70536
42551 72289
42448 72392
41933 72804
41520 73010
41211 73319
40488 73735
39149 74144
39046 74144
38840 74247
38633 74247
37396 74041
37293 73938
37293 73216
37396 73113
33581 72392
33685 73113
32860 73216
31947 73216
31094 71746
31519 70227
31805 69913
33375 69609
33994 69609
38530 71052
39974 69712
40180 69712
40283 69815
40592 69815
41520 70639
41520 70742
41829 70949
41933 70949
43684 70536
43684 70330
43582 70021
43375 69918
43170 69918
43170 69815
42964 69815
39767 68681
38427 70072
35231 68887
34922 68887
34819 68784
34819 68578
34716 68578
34716 68887
34303 68887
33401 68198
32654 67135
32550 66928
32550 66619
32757 66413
34303 65352
35025 65485
35128 65588
35334 65588
39355 66619
40592 67238
41107 67650
42139 69093
43375 68681
43375 67959
43273 67856
42860 67650
42757 67650
42757 67444
41190 67123
40072 65978
40072 65278
41142 65021
41829 65278
42036 65485
42139 65485
42242 65382
42757 65382
42860 65278
42860 65073
42757 65073
42757 65176
42139 65176
41495 64547
42162 64106
43035 64594
44819 64455
44922 64455
44922 64558
45025 64558
45129 64455
44819 64145
44510 64145
44304 64248
43788 64248
41416 63115
41314 63012
41107 63012
40798 62290
40695 62083
40695 61981
40489 61156
38840 61465
38736 61465
38736 61362
38633 61362
38633 61258
38530 60949
38530 60744
38633 60538
38736 60538
39046 60435
39149 60435
39355 60331
40283 60022
40077 60125
40283 60125
40592 60022
41107 60331
45850 63115
45952 63115
47397 63733
48943 63218
49046 63218
49150 63115
49356 63012
49356 62805
49150 62908
49046 62908
48943 62805
48840 63012
48634 63012
48531 63115
47809 63321
47706 63321
46469 63012
44201 61981
44201 61878
43891 61774
41829 60435
41829 60331
41520 60022
41416 60022
41416 59816
41005 59198
40902 59095
40902 58991
41005 58888
41005 58785
41211 58579
41211 58476
41314 58476
41211 58270
41107 58270
40695 58373
40283 58373
40489 58064
40592 57858
40798 57651
40798 57548
40592 57342
40695 57136
40798 57033
40798 56930
40902 56827
41107 56827
41211 56724
41725 56827
41829 56930
41933 56930
42139 56724
42345 56621
42551 56311
42551 56208
48222 47343
48325 47137
48325 46931
48428 46828
48325 46622
48325 46416
48428 46313
49665 39716
50593 35593
50798 35283
51418 35283
51418 35490
51624 35490
51624 35386
51727 35386
52346 36727
54820 36211
55026 36211
55336 36830
55439 36933
55439 37036
55748 37654
55954 37963
55851 39510
58103 39824
58829 41021
56566 43139
54614 42705
55439 45282
55439 45488
55542 45488
55542 47034
54583 48801
55645 49199
56985 49817
57604 49817
57707 49714
58428 50127
59253 50745
59355 50847
59355 50951
59460 50951
59769 51261
59975 51261
60078 51158
60284 51158
60594 51054
60697 50951
60800 51054
61005 50847
60697 50847
60180 51054
59975 51158
59769 51054
59666 51054
59562 50847
58635 50024
58532 50024
58532 49920
58428 49817
58119 49714
57913 49508
57604 49405
57191 49405
57088 49302
56882 49302
56470 49405
56263 49405
56160 49199
56057 49199
56160 49096
56160 48581
55954 48374
55954 48270
60491 44457
62037 43530
62140 43530
62862 43324
62965 43220
63068 43220
63171 43427
63274 43427
64202 43736
64615 43839
65336 43839
65646 43220
65749 43117
63274 43117
63171 43014
62862 42602
62656 42293
62450 42087
62346 42087
62346 40128
62450 39819
62450 39716
62965 38891
63274 38376
63274 38273
63377 38273
63893 38170
63996 38170
63996 37963
63893 38067
63790 38067
63790 37963
63171 37963
61864 38409
60074 38220
59253 37345
59253 37139
59150 37036
59253 32810
59871 30645
60977 28072
66161 25697
68636 25388
68739 25491
68945 25491
68945 25388
77605 23945
77708 24048
78018 24048
78224 24151
78327 24254
78533 24048
78739 24151
78842 24151
78739 24357
78739 24460
78946 24460
78842 24357
78946 24151
79152 24254
79461 24563
81214 27346
82348 27346
83894 28996
84204 30233
84101 34046
82142 42190
81935 42396
77708 42808
78224 44045
77399 45797
81214 46107
81420 46107
81420 46210
81523 46416
81523 46622
81625 46828
81625 46931
81832 47137
82039 47550
82348 47550
82348 47756
82554 48168
82554 48684
82348 48993
82348 49096
82245 49302
82245 49508
82142 49508
82142 49611
82039 49611
82039 49714
81935 50024
81935 50436
82039 50436
82039 50642
82142 50745
82451 51158
82451 51261
79873 53631
79564 53941
78224 54765
79358 56724
79358 57033
79461 57136
79358 57342
79152 57342
78946 57445
78946 57961
78842 58064
78636 58373
73687 60435
73584 60435