34
450
250 100
52.140190	5.584151
52.039822	4.325566
53.253380	5.898751
52.565514	5.933411
52.263432	7.003527
51.641022	4.861690
51.274101	5.576351
51.504646	3.891130
53.174637	5.425152
52.298664	5.629619
51.994331	5.977694
51.865734	4.924345
53.049374	5.834147
52.387386	4.646219
52.490307	4.803085
52.077606	4.543190
52.338055	4.780278
53.054626	4.799725
52.031635	4.654641
51.359402	5.315816
52.371807	4.896029
52.785805	6.897585
51.687897	5.057482
52.377956	4.897070
52.442039	4.829199
52.160114	4.497010
52.370216	4.895168
52.078663	4.288788
52.266075	6.155217
52.608051	6.674023
51.813297	4.690093
52.092876	5.104480
52.371353	5.222124
51.926666	6.580678
735.84 604.35
736.87 604.35
786.36 583.73
788.42 580.64
789.46 579.61
789.46 574.45
791.52 573.42
793.58 573.42
794.61 571.36
793.58 570.33
793.58 567.24
782.24 547.65
795.64 539.41
798.73 536.31
824.51 512.61
824.51 511.58
821.42 507.45
820.39 506.42
820.39 504.36
819.35 504.36
819.35 500.24
820.39 497.14
820.39 496.11
821.42 496.11
821.42 495.08
822.45 495.08
822.45 493.02
823.48 490.96
823.48 489.93
825.54 486.84
825.54 481.68
823.48 477.56
823.48 475.5
820.39 475.5
818.32 471.37
816.25 469.31
816.25 468.28
815.23 466.22
815.23 464.16
814.2 462.1
814.2 461.07
812.14 461.07
773.99 457.97
782.24 440.45
777.08 428.08
819.35 423.96
821.42 421.9
841.01 340.46
842.04 302.33
838.94 289.96
823.48 273.46
812.14 273.46
794.61 245.63
791.52 242.54
789.46 241.51
788.42 243.57
789.46 244.6
787.39 244.6
787.39 243.57
788.42 241.51
787.39 241.51
785.33 240.48
783.27 242.54
782.24 241.51
780.18 240.48
777.08 240.48
776.05 239.45
689.45 253.88
689.45 254.91
687.39 254.91
686.36 253.88
661.61 256.97
609.77 280.72
598.71 306.45
592.53 328.1
591.5 370.36
592.53 371.39
592.53 373.45
600.74 382.2
618.64 384.09
631.71 379.63
637.9 379.63
637.9 380.67
638.93 380.67
639.96 379.63
639.96 381.7
638.93 381.7
633.77 382.73
632.74 382.73
632.74 383.76
629.65 388.91
624.5 397.16
624.5 398.19
623.46 401.28
623.46 420.87
624.5 420.87
626.56 422.93
628.62 426.02
631.71 430.14
632.74 431.17
657.49 431.17
656.46 432.2
653.36 438.39
646.15 438.39
642.02 437.36
632.74 434.27
631.71 434.27
630.68 432.2
629.65 432.2
628.62 433.24
621.4 435.3
620.37 435.3
604.91 444.57
559.54 482.7
559.54 483.74
561.6 485.81
561.6 490.96
560.57 491.99
561.6 491.99
562.63 494.05
564.7 494.05
568.82 493.02
570.88 493.02
571.91 494.05
576.04 494.05
579.13 495.08
581.19 497.14
584.28 498.17
585.32 499.2
585.32 500.24
586.35 500.24
595.62 508.47
596.66 510.54
597.69 510.54
599.75 511.58
601.8 510.54
606.97 508.47
610.05 508.47
608.0 510.54
606.97 509.51
605.94 510.54
602.84 511.58
600.78 511.58
599.75 512.61
597.69 512.61
594.6 509.51
593.55 509.51
593.55 508.47
592.53 507.45
584.28 501.27
577.07 497.14
576.04 498.17
569.85 498.17
556.45 491.99
545.83 488.01
555.42 470.34
555.42 454.88
554.39 454.88
554.39 452.82
546.14 427.05
565.66 431.39
588.29 410.21
581.03 398.24
558.51 395.1
559.54 379.63
557.48 376.54
554.39 370.36
554.39 369.33
553.36 368.3
550.26 362.11
548.2 362.11
523.46 367.27
517.27 353.86
516.24 353.86
516.24 354.9
514.18 354.9
514.18 352.83
507.98 352.83
505.93 355.93
496.65 397.16
484.28 463.13
483.25 464.16
483.25 466.22
484.28 468.28
483.25 469.31
483.25 471.37
482.22 473.43
425.51 562.08
425.51 563.11
423.45 566.21
421.39 567.24
419.33 569.3
418.29 569.3
417.25 568.27
412.11 567.24
411.07 568.27
409.02 568.27
407.98 569.3
407.98 570.33
406.95 571.36
405.92 573.42
407.98 575.48
407.98 576.51
405.92 578.58
404.89 580.64
402.83 583.73
406.95 583.73
411.07 582.7
412.11 582.7
413.14 584.76
412.11 584.76
412.11 585.79
410.05 587.85
410.05 588.88
409.02 589.91
409.02 590.95
410.05 591.98
414.16 598.16
414.16 600.22
415.2 600.22
418.29 603.31
418.29 604.35
438.91 617.74
442.01 618.78
442.01 619.81
464.69 630.12
477.06 633.21
478.09 633.21
485.31 631.15
486.34 630.12
488.4 630.12
489.43 628.05
490.46 629.08
491.5 629.08
493.56 628.05
493.56 630.12
491.5 631.15
490.46 632.18
489.43 632.18
473.97 637.33
459.52 631.15
458.5 631.15
411.07 603.31
405.92 600.22
402.83 601.25
400.77 601.25
402.83 600.22
393.55 603.31
391.49 604.35
390.46 604.35
387.36 605.38
386.33 605.38
385.3 607.44
385.3 609.49
386.33 612.58
386.33 613.62
387.36 613.62
387.36 614.65
388.4 614.65
404.89 611.56
406.95 619.81
406.95 620.83
407.98 622.9
411.07 630.12
413.14 630.12
414.16 631.15
437.88 642.48
443.04 642.48
445.1 641.45
448.19 641.45
451.29 644.55
450.25 645.58
449.22 645.58
449.22 644.55
448.19 644.55
430.35 645.94
421.62 641.06
414.95 645.47
421.39 651.76
427.57 651.76
427.57 650.73
428.6 650.73
428.6 652.78
427.57 653.82
422.42 653.82
421.39 654.85
420.36 654.85
418.29 652.78
411.42 650.21
400.72 652.78
400.72 659.78
411.9 671.23
427.57 674.44
427.57 676.5
428.6 676.5
432.73 678.56
433.75 679.59
433.75 686.81
421.39 690.93
411.07 676.5
405.92 672.38
393.55 666.19
353.34 655.88
351.28 655.88
350.25 654.85
343.03 653.52
327.57 664.13
325.5 666.19
325.5 669.28
326.54 671.35
334.01 681.98
343.03 688.87
347.16 688.87
347.16 685.78
348.19 685.78
348.19 687.84
349.22 688.87
352.31 688.87
384.27 700.72
397.67 686.81
429.64 698.15
431.7 698.15
431.7 699.18
433.75 699.18
435.82 700.21
436.84 703.3
436.84 705.36
419.33 709.49
418.29 709.49
415.2 707.42
415.2 706.39
405.92 698.15
402.83 698.15
401.8 697.12
399.74 697.12
385.3 710.52
339.94 696.09
333.75 696.09
318.05 699.13
315.19 702.27
310.94 717.46
319.47 732.16
328.6 732.16
336.85 731.13
335.81 723.92
373.96 731.13
372.93 732.16
372.93 739.38
373.96 740.41
386.33 742.47
388.4 742.47
390.46 741.44
391.49 741.44
404.88 737.35
412.11 733.19
415.2 730.1
419.33 728.04
424.48 723.92
425.51 722.89
439.95 705.36
442.01 704.33
449.22 704.33
449.22 705.36
450.25 706.39
450.25 709.49
451.29 708.45
454.38 709.49
458.5 709.49
459.52 708.45
461.6 707.42
462.63 707.42
462.63 705.36
466.75 684.75
478.09 695.05
493.56 695.05
493.56 694.02
494.59 695.05
496.65 694.02
512.12 678.56
517.27 689.9
510.05 694.02
510.05 696.09
511.07 697.12
513.15 698.15
531.7 701.24
532.74 701.24
553.36 684.75
556.45 694.02
552.32 702.27
560.57 719.79
564.7 720.82
572.49 734.72
591.19 731.35
618.19 731.35
618.19 744.35
656.31 756.48
650.27 775.46
631.71 817.72
632.74 818.75
631.71 819.78
631.71 825.96
637.9 842.46
637.9 843.49
645.12 843.49
646.15 842.46
660.58 841.43
660.58 1020.5
12.83 1020.5
12.83 87.5
1018.83 87.5
1018.83 1020.5
662.64 1020.5
662.64 841.43
664.7 841.43
666.77 840.4
685.32 843.49
694.6 817.72
694.6 807.41
693.57 806.38
685.32 792.98
668.83 788.86
666.77 777.52
672.95 780.61
676.05 780.61
677.08 779.58
704.91 755.87
703.88 754.84
704.91 754.84
705.94 753.81
701.82 750.72
700.79 750.72
706.98 747.62
704.91 745.56
698.73 748.66
696.67 750.72
692.54 750.72
692.54 749.69
691.51 748.66
691.51 741.44
690.48 740.41
691.51 739.38
693.57 739.38
713.16 708.45
715.79 693.69
710.07 673.41
709.04 671.35
696.67 643.52
676.05 604.35
679.14 604.35
702.85 602.28