9
44
2 1
694 417
678 767
1519 790
1894 1670
1908 1371
269 1640
26 774
842 1368
719 1768
2114 1421
1604 1862
629 1862
139 1462
35 974
126 614
555 446
1237 470
1681 748
1451 1244
1053 1510
287 1330
349 913
559 624
799 595
1005 730
859 958
705 996
561 822
651 728
725 756
685 788
698 760
659 748
613 820
712 953
836 913
956 734
777 647
591 679
416 949
337 1298
1042 1462
1421 1205
1625 754
1218 530
562 516
181 662
85 970
162 1434
651 1795
1578 1802
2057 1388
1650 364

